  0.550000E+03  0.500000E+03 -0.390000E+03  0.673796E-04  0.691681E-04  0.640000E+00  0.310000E+00  0.250000E+01  0.121000E+03  0.000000E+00  0.000000E+00  0.887884E+02  0.781308E+00  0.129084E+03  0.129321E+00  0.162909E+03  0.979336E+00  0.285339E+03  0.707985E+02  0.676795E-01  0.721082E+00  0.170807E+00  0.162901E+03  0.152304E-02  0.876790E+00  0.119406E+00  0.176259E+03  0.816451E-01  0.226882E+00  0.685764E+00  0.106357E+03  0.118087E+04  0.113733E+04  0.602782E+03  0.508367E+03  0.667497E+03  0.153220E+03
  0.550000E+03  0.500000E+03 -0.390000E+03  0.487515E-03  0.489568E-03  0.636530E+00  0.310000E+00  0.250940E+01  0.121000E+03  0.000000E+00  0.000000E+00  0.897213E+02  0.777202E+00  0.128877E+03  0.134075E+00  0.161818E+03  0.980224E+00  0.286320E+03  0.709157E+02  0.677447E-01  0.721270E+00  0.170562E+00  0.162445E+03  0.154430E-02  0.878181E+00  0.117964E+00  0.176351E+03  0.816442E-01  0.225339E+00  0.687346E+00  0.106392E+03  0.118089E+04  0.113733E+04  0.605283E+03  0.508637E+03  0.667375E+03  0.150006E+03
  0.550000E+03  0.500000E+03 -0.390000E+03  0.550695E-03  0.565128E-03  0.637643E+00  0.310000E+00  0.247179E+01  0.121000E+03  0.000000E+00  0.000000E+00  0.907191E+02  0.794663E+00  0.128255E+03  0.116261E+00  0.163550E+03  0.978836E+00  0.285006E+03  0.711859E+02  0.682697E-01  0.723016E+00  0.168062E+00  0.162656E+03  0.150111E-02  0.877496E+00  0.118755E+00  0.176050E+03  0.797898E-01  0.224787E+00  0.689780E+00  0.106255E+03  0.118089E+04  0.113734E+04  0.600769E+03  0.508101E+03  0.667627E+03  0.145419E+03
  0.550000E+03  0.500000E+03 -0.390000E+03  0.243920E-03  0.212001E-03  0.622532E+00  0.310000E+00  0.248155E+01  0.121000E+03  0.000000E+00  0.000000E+00  0.957830E+02  0.790890E+00  0.126739E+03  0.122656E+00  0.160039E+03  0.981722E+00  0.288303E+03  0.719757E+02  0.690641E-01  0.725712E+00  0.164398E+00  0.160748E+03  0.156099E-02  0.883334E+00  0.112776E+00  0.176297E+03  0.782111E-01  0.216837E+00  0.699520E+00  0.106298E+03  0.118094E+04  0.113736E+04  0.607995E+03  0.508853E+03  0.667296E+03  0.131262E+03
  0.550000E+03  0.500000E+03 -0.390000E+03  0.499953E-03  0.516535E-03  0.639885E+00  0.310000E+00  0.252187E+01  0.121000E+03  0.000000E+00  0.000000E+00  0.879864E+02  0.771831E+00  0.129511E+03  0.138933E+00  0.162028E+03  0.980036E+00  0.286001E+03  0.706111E+02  0.673467E-01  0.719980E+00  0.172382E+00  0.162845E+03  0.154612E-02  0.876984E+00  0.119154E+00  0.176429E+03  0.827967E-01  0.227466E+00  0.684006E+00  0.106435E+03  0.118087E+04  0.113733E+04  0.605122E+03  0.508649E+03  0.667363E+03  0.156855E+03
  0.550000E+03  0.500000E+03 -0.390000E+03  0.544086E-03  0.560000E-03  0.638789E+00  0.310000E+00  0.250582E+01  0.121000E+03  0.000000E+00  0.000000E+00  0.890183E+02  0.778788E+00  0.129061E+03  0.132079E+00  0.162427E+03  0.979729E+00  0.285757E+03  0.708164E+02  0.676622E-01  0.721013E+00  0.170913E+00  0.162737E+03  0.153310E-02  0.877293E+00  0.118878E+00  0.176310E+03  0.817812E-01  0.226422E+00  0.686098E+00  0.106378E+03  0.118088E+04  0.113733E+04  0.603933E+03  0.508494E+03  0.667439E+03  0.152487E+03
  0.550000E+03  0.500000E+03 -0.390000E+03  0.555966E-03  0.581065E-03  0.640540E+00  0.310000E+00  0.251021E+01  0.121000E+03  0.000000E+00  0.000000E+00  0.881926E+02  0.776815E+00  0.129350E+03  0.133771E+00  0.162619E+03  0.979564E+00  0.285526E+03  0.706764E+02  0.674873E-01  0.720452E+00  0.171704E+00  0.162949E+03  0.153188E-02  0.876654E+00  0.119519E+00  0.176336E+03  0.822711E-01  0.227466E+00  0.684535E+00  0.106393E+03  0.118087E+04  0.113733E+04  0.603622E+03  0.508474E+03  0.667446E+03  0.155783E+03
  0.550000E+03  0.500000E+03 -0.390000E+03  0.255577E-03  0.235427E-03  0.631277E+00  0.310000E+00  0.253825E+01  0.121000E+03  0.000000E+00  0.000000E+00  0.905458E+02  0.763515E+00  0.128892E+03  0.148822E+00  0.159627E+03  0.981910E+00  0.288199E+03  0.709761E+02  0.676254E-01  0.720885E+00  0.171171E+00  0.161735E+03  0.159205E-02  0.880380E+00  0.115648E+00  0.176613E+03  0.823976E-01  0.223375E+00  0.688600E+00  0.106497E+03  0.118090E+04  0.113734E+04  0.610356E+03  0.509214E+03  0.667110E+03  0.148015E+03
  0.550000E+03  0.500000E+03 -0.390000E+03  0.472116E-03  0.472736E-03  0.636448E+00  0.310000E+00  0.251515E+01  0.121000E+03  0.000000E+00  0.000000E+00  0.895316E+02  0.774614E+00  0.128985E+03  0.136707E+00  0.161577E+03  0.980411E+00  0.286503E+03  0.708701E+02  0.676604E-01  0.720992E+00  0.170961E+00  0.162424E+03  0.155058E-02  0.878252E+00  0.117877E+00  0.176396E+03  0.819374E-01  0.225465E+00  0.686921E+00  0.106413E+03  0.118088E+04  0.113733E+04  0.605913E+03  0.508713E+03  0.667339E+03  0.150841E+03
  0.550000E+03  0.500000E+03 -0.390000E+03  0.376035E-03  0.354003E-03  0.629851E+00  0.310000E+00  0.249849E+01  0.121000E+03  0.000000E+00  0.000000E+00  0.925700E+02  0.782171E+00  0.127902E+03  0.130200E+00  0.160869E+03  0.981015E+00  0.287344E+03  0.714006E+02  0.683303E-01  0.723208E+00  0.167864E+00  0.161628E+03  0.155494E-02  0.880657E+00  0.115465E+00  0.176327E+03  0.801133E-01  0.221421E+00  0.692903E+00  0.106356E+03  0.118091E+04  0.113735E+04  0.606912E+03  0.508777E+03  0.667319E+03  0.140419E+03
  0.550000E+03  0.500000E+03 -0.390000E+03  0.664555E-03  0.695555E-03  0.639672E+00  0.310000E+00  0.247014E+01  0.121000E+03  0.000000E+00  0.000000E+00  0.900309E+02  0.795007E+00  0.128459E+03  0.115556E+00  0.164041E+03  0.978413E+00  0.284538E+03  0.710857E+02  0.681720E-01  0.722714E+00  0.168483E+00  0.162916E+03  0.149282E-02  0.876708E+00  0.119563E+00  0.176025E+03  0.799877E-01  0.225804E+00  0.688539E+00  0.106248E+03  0.118089E+04  0.113734E+04  0.599678E+03  0.507991E+03  0.667676E+03  0.147802E+03
  0.550000E+03  0.500000E+03 -0.390000E+03 -0.671539E-04 -0.741697E-04  0.636845E+00  0.310000E+00  0.244427E+01  0.121000E+03  0.000000E+00  0.000000E+00  0.919964E+02  0.808512E+00  0.127637E+03  0.102478E+00  0.164519E+03  0.978043E+00  0.284378E+03  0.714798E+02  0.687629E-01  0.724649E+00  0.165741E+00  0.162607E+03  0.147442E-02  0.877609E+00  0.118710E+00  0.175836E+03  0.781870E-01  0.223497E+00  0.692718E+00  0.106154E+03  0.118091E+04  0.113734E+04  0.598020E+03  0.507765E+03  0.667787E+03  0.140253E+03
  0.550000E+03  0.500000E+03 -0.390000E+03 -0.641779E-04 -0.722889E-04  0.638938E+00  0.310000E+00  0.244417E+01  0.121000E+03  0.000000E+00  0.000000E+00  0.912370E+02  0.807782E+00  0.127881E+03  0.102841E+00  0.164962E+03  0.977646E+00  0.283939E+03  0.713635E+02  0.686361E-01  0.724250E+00  0.166298E+00  0.162872E+03  0.146766E-02  0.876806E+00  0.119528E+00  0.175821E+03  0.784712E-01  0.224602E+00  0.691300E+00  0.106152E+03  0.118090E+04  0.113734E+04  0.597061E+03  0.507672E+03  0.667828E+03  0.142766E+03
  0.550000E+03  0.500000E+03 -0.390000E+03  0.652775E-03  0.652279E-03  0.633833E+00  0.310000E+00  0.244420E+01  0.121000E+03  0.000000E+00  0.000000E+00  0.930862E+02  0.809630E+00  0.127284E+03  0.101885E+00  0.163893E+03  0.978600E+00  0.284998E+03  0.716499E+02  0.689503E-01  0.725252E+00  0.164903E+00  0.162227E+03  0.148395E-02  0.878761E+00  0.117535E+00  0.175861E+03  0.777690E-01  0.221882E+00  0.694794E+00  0.106155E+03  0.118092E+04  0.113735E+04  0.599340E+03  0.507894E+03  0.667730E+03  0.136879E+03
  0.550000E+03  0.500000E+03 -0.390000E+03  0.497977E-03  0.488907E-03  0.632339E+00  0.310000E+00  0.245490E+01  0.121000E+03  0.000000E+00  0.000000E+00  0.932497E+02  0.804431E+00  0.127315E+03  0.107365E+00  0.163138E+03  0.979230E+00  0.285607E+03  0.716389E+02  0.688696E-01  0.724981E+00  0.165303E+00  0.162019E+03  0.150023E-02  0.879408E+00  0.116849E+00  0.175961E+03  0.781407E-01  0.221417E+00  0.694896E+00  0.106195E+03  0.118092E+04  0.113735E+04  0.601189E+03  0.508103E+03  0.667634E+03  0.136814E+03
  0.550000E+03  0.500000E+03 -0.390000E+03  0.500453E-03  0.495570E-03  0.633477E+00  0.310000E+00  0.246125E+01  0.121000E+03  0.000000E+00  0.000000E+00  0.926164E+02  0.800826E+00  0.127568E+03  0.110790E+00  0.163114E+03  0.979235E+00  0.285556E+03  0.715175E+02  0.686962E-01  0.724408E+00  0.166110E+00  0.162151E+03  0.150337E-02  0.879016E+00  0.117232E+00  0.176000E+03  0.786391E-01  0.222233E+00  0.693557E+00  0.106218E+03  0.118091E+04  0.113735E+04  0.601412E+03  0.508140E+03  0.667615E+03  0.138932E+03
  0.550000E+03  0.500000E+03 -0.390000E+03  0.518028E-03  0.532945E-03  0.638180E+00  0.310000E+00  0.248013E+01  0.121000E+03  0.000000E+00  0.000000E+00  0.902138E+02  0.790597E+00  0.128480E+03  0.120264E+00  0.163324E+03  0.979015E+00  0.285136E+03  0.710804E+02  0.681039E-01  0.722471E+00  0.168837E+00  0.162708E+03  0.150817E-02  0.877349E+00  0.118885E+00  0.176112E+03  0.803156E-01  0.225327E+00  0.688697E+00  0.106285E+03  0.118089E+04  0.113734E+04  0.601448E+03  0.508188E+03  0.667585E+03  0.147432E+03
  0.550000E+03  0.500000E+03 -0.390000E+03  0.484645E-03  0.488693E-03  0.635989E+00  0.310000E+00  0.248032E+01  0.121000E+03  0.000000E+00  0.000000E+00  0.910122E+02  0.790830E+00  0.128231E+03  0.120411E+00  0.162861E+03  0.979410E+00  0.285591E+03  0.712039E+02  0.682353E-01  0.722890E+00  0.168254E+00  0.162431E+03  0.151551E-02  0.878188E+00  0.118029E+00  0.176129E+03  0.800153E-01  0.224173E+00  0.690181E+00  0.106287E+03  0.118090E+04  0.113734E+04  0.602427E+03  0.508285E+03  0.667542E+03  0.144691E+03
  0.550000E+03  0.500000E+03 -0.390000E+03  0.530442E-03  0.551753E-03  0.639460E+00  0.310000E+00  0.248343E+01  0.121000E+03  0.000000E+00  0.000000E+00  0.896165E+02  0.788857E+00  0.128693E+03  0.121793E+00  0.163458E+03  0.978895E+00  0.284968E+03  0.709778E+02  0.679734E-01  0.722051E+00  0.169429E+00  0.162864E+03  0.150748E-02  0.876882E+00  0.119353E+00  0.176131E+03  0.806761E-01  0.226101E+00  0.687541E+00  0.106297E+03  0.118088E+04  0.113733E+04  0.601238E+03  0.508176E+03  0.667589E+03  0.149682E+03
  0.550000E+03  0.500000E+03 -0.390000E+03  0.532418E-03  0.539938E-03  0.636014E+00  0.310000E+00  0.245448E+01  0.121000E+03  0.000000E+00  0.000000E+00  0.919386E+02  0.803610E+00  0.127732E+03  0.107547E+00  0.163921E+03  0.978550E+00  0.284843E+03  0.714341E+02  0.686484E-01  0.724261E+00  0.166299E+00  0.162483E+03  0.148798E-02  0.877999E+00  0.118286E+00  0.175924E+03  0.786262E-01  0.223379E+00  0.692396E+00  0.106192E+03  0.118091E+04  0.113734E+04  0.599554E+03  0.507940E+03  0.667705E+03  0.140799E+03
  0.550000E+03  0.500000E+03 -0.390000E+03  0.312558E-03  0.276911E-03  0.622095E+00  0.310000E+00  0.245926E+01  0.121000E+03  0.000000E+00  0.000000E+00  0.967123E+02  0.804071E+00  0.126239E+03  0.109486E+00  0.160846E+03  0.981142E+00  0.287769E+03  0.721911E+02  0.694494E-01  0.726984E+00  0.162586E+00  0.160732E+03  0.153815E-02  0.883350E+00  0.112817E+00  0.176134E+03  0.769824E-01  0.215884E+00  0.701737E+00  0.106216E+03  0.118095E+04  0.113736E+04  0.605790E+03  0.508578E+03  0.667426E+03  0.128139E+03
  0.550000E+03  0.500000E+03 -0.390000E+03 -0.508951E-04 -0.599842E-04  0.643170E+00  0.310000E+00  0.244746E+01  0.121000E+03  0.000000E+00  0.000000E+00  0.895563E+02  0.804593E+00  0.128444E+03  0.105289E+00  0.165714E+03  0.976955E+00  0.283142E+03  0.710977E+02  0.683252E-01  0.723284E+00  0.167662E+00  0.163404E+03  0.145774E-02  0.875208E+00  0.121148E+00  0.175826E+03  0.792416E-01  0.226918E+00  0.688152E+00  0.106162E+03  0.118088E+04  0.113733E+04  0.595467E+03  0.507528E+03  0.667890E+03  0.148952E+03
  0.550000E+03  0.500000E+03 -0.390000E+03  0.459745E-03  0.428158E-03  0.625947E+00  0.310000E+00  0.244023E+01  0.121000E+03  0.000000E+00  0.000000E+00  0.960128E+02  0.814562E+00  0.126303E+03  0.983059E-01  0.162422E+03  0.979888E+00  0.286481E+03  0.721335E+02  0.695116E-01  0.727135E+00  0.162307E+00  0.161245E+03  0.150488E-02  0.881749E+00  0.114499E+00  0.175925E+03  0.764876E-01  0.217431E+00  0.700649E+00  0.106144E+03  0.118095E+04  0.113736E+04  0.602180E+03  0.508169E+03  0.667613E+03  0.128889E+03
  0.550000E+03  0.500000E+03 -0.390000E+03  0.650535E-03  0.655773E-03  0.634272E+00  0.310000E+00  0.240991E+01  0.121000E+03  0.000000E+00  0.000000E+00  0.940771E+02  0.827891E+00  0.126716E+03  0.835152E-01  0.165443E+03  0.977295E+00  0.283933E+03  0.719369E+02  0.694890E-01  0.727049E+00  0.162340E+00  0.162346E+03  0.144548E-02  0.878351E+00  0.118041E+00  0.175580E+03  0.759601E-01  0.220993E+00  0.697531E+00  0.106026E+03  0.118093E+04  0.113735E+04  0.595117E+03  0.507397E+03  0.667965E+03  0.132586E+03
  0.550000E+03  0.500000E+03 -0.390000E+03  0.554539E-03  0.525198E-03  0.626961E+00  0.310000E+00  0.241566E+01  0.121000E+03  0.000000E+00  0.000000E+00  0.964592E+02  0.828784E+00  0.125969E+03  0.838923E-01  0.163669E+03  0.978887E+00  0.285594E+03  0.722931E+02  0.698526E-01  0.728256E+00  0.160694E+00  0.161416E+03  0.147471E-02  0.881191E+00  0.115131E+00  0.175715E+03  0.753022E-01  0.217182E+00  0.702101E+00  0.106051E+03  0.118096E+04  0.113736E+04  0.598942E+03  0.507787E+03  0.667791E+03  0.126669E+03
  0.550000E+03  0.500000E+03 -0.390000E+03  0.627088E-03  0.615544E-03  0.631030E+00  0.310000E+00  0.241082E+01  0.121000E+03  0.000000E+00  0.000000E+00  0.951924E+02  0.829298E+00  0.126353E+03  0.826735E-01  0.164725E+03  0.977953E+00  0.284630E+03  0.721087E+02  0.696763E-01  0.727660E+00  0.161498E+00  0.161935E+03  0.145661E-02  0.879599E+00  0.116766E+00  0.175622E+03  0.755778E-01  0.219263E+00  0.699690E+00  0.106031E+03  0.118095E+04  0.113736E+04  0.596650E+03  0.507549E+03  0.667898E+03  0.129584E+03
  0.550000E+03  0.500000E+03 -0.390000E+03  0.512199E-03  0.503155E-03  0.631880E+00  0.310000E+00  0.243406E+01  0.121000E+03  0.000000E+00  0.000000E+00  0.941300E+02  0.815845E+00  0.126869E+03  0.959930E-01  0.163911E+03  0.978612E+00  0.285110E+03  0.718512E+02  0.692381E-01  0.726203E+00  0.163565E+00  0.162000E+03  0.147922E-02  0.879438E+00  0.116871E+00  0.175800E+03  0.769541E-01  0.220496E+00  0.697037E+00  0.106118E+03  0.118093E+04  0.113735E+04  0.599016E+03  0.507838E+03  0.667760E+03  0.133472E+03
  0.550000E+03  0.500000E+03 -0.390000E+03  0.567931E-03  0.564742E-03  0.632722E+00  0.310000E+00  0.240439E+01  0.121000E+03  0.000000E+00  0.000000E+00  0.948016E+02  0.831895E+00  0.126439E+03  0.797831E-01  0.165358E+03  0.977392E+00  0.284099E+03  0.720733E+02  0.696780E-01  0.727671E+00  0.161467E+00  0.162160E+03  0.144430E-02  0.878906E+00  0.117490E+00  0.175551E+03  0.754509E-01  0.219968E+00  0.699096E+00  0.106006E+03  0.118094E+04  0.113736E+04  0.595136E+03  0.507385E+03  0.667973E+03  0.130327E+03
  0.550000E+03  0.500000E+03 -0.390000E+03  0.660778E-03  0.673530E-03  0.635239E+00  0.310000E+00  0.238792E+01  0.121000E+03  0.000000E+00  0.000000E+00  0.944265E+02  0.839260E+00  0.126461E+03  0.719899E-01  0.166611E+03  0.976262E+00  0.283106E+03  0.720871E+02  0.697991E-01  0.728096E+00  0.160847E+00  0.162510E+03  0.141852E-02  0.877822E+00  0.118636E+00  0.175389E+03  0.748762E-01  0.220770E+00  0.698856E+00  0.105942E+03  0.118094E+04  0.113736E+04  0.591969E+03  0.507037E+03  0.668134E+03  0.130607E+03
  0.550000E+03  0.500000E+03 -0.390000E+03 -0.129765E-03 -0.139213E-03  0.634792E+00  0.310000E+00  0.237863E+01  0.121000E+03  0.000000E+00  0.000000E+00  0.948642E+02  0.844688E+00  0.126261E+03  0.666545E-01  0.166932E+03  0.975985E+00  0.282938E+03  0.721981E+02  0.699849E-01  0.728716E+00  0.159970E+00  0.162470E+03  0.140971E-02  0.877927E+00  0.118553E+00  0.175316E+03  0.743019E-01  0.220208E+00  0.700012E+00  0.105906E+03  0.118095E+04  0.113736E+04  0.590996E+03  0.506919E+03  0.668190E+03  0.128942E+03
  0.550000E+03  0.500000E+03 -0.390000E+03 -0.135118E-03 -0.138270E-03  0.629122E+00  0.310000E+00  0.237477E+01  0.121000E+03  0.000000E+00  0.000000E+00  0.969411E+02  0.851607E+00  0.125544E+03  0.607371E-01  0.165911E+03  0.976984E+00  0.284016E+03  0.725428E+02  0.704060E-01  0.730094E+00  0.158053E+00  0.161761E+03  0.142278E-02  0.880074E+00  0.116376E+00  0.175352E+03  0.733542E-01  0.216976E+00  0.704280E+00  0.105894E+03  0.118097E+04  0.113737E+04  0.593043E+03  0.507107E+03  0.668109E+03  0.123444E+03
  0.550000E+03  0.500000E+03 -0.390000E+03 -0.118807E-03 -0.131165E-03  0.637877E+00  0.310000E+00  0.236512E+01  0.121000E+03  0.000000E+00  0.000000E+00  0.941762E+02  0.849351E+00  0.126419E+03  0.614742E-01  0.168197E+03  0.974779E+00  0.281894E+03  0.721593E+02  0.700256E-01  0.728897E+00  0.159701E+00  0.162888E+03  0.138554E-02  0.876644E+00  0.119895E+00  0.175174E+03  0.739492E-01  0.221393E+00  0.699156E+00  0.105852E+03  0.118094E+04  0.113736E+04  0.587797E+03  0.506580E+03  0.668346E+03  0.130260E+03
  0.550000E+03  0.500000E+03 -0.390000E+03 -0.158272E-03 -0.157240E-03  0.625573E+00  0.310000E+00  0.235219E+01  0.121000E+03  0.000000E+00  0.000000E+00  0.987443E+02  0.868324E+00  0.124821E+03  0.447025E-01  0.166189E+03  0.976821E+00  0.284127E+03  0.729434E+02  0.710211E-01  0.732156E+00  0.155158E+00  0.161355E+03  0.140831E-02  0.881273E+00  0.115215E+00  0.175218E+03  0.716602E-01  0.214196E+00  0.708844E+00  0.105808E+03  0.118099E+04  0.113738E+04  0.591676E+03  0.506917E+03  0.668203E+03  0.118176E+03
  0.550000E+03  0.500000E+03 -0.390000E+03  0.481628E-03  0.431081E-03  0.618703E+00  0.310000E+00  0.235858E+01  0.121000E+03  0.000000E+00  0.000000E+00  0.100863E+03  0.871782E+00  0.124143E+03  0.424044E-01  0.164460E+03  0.978418E+00  0.285697E+03  0.732626E+02  0.713537E-01  0.733332E+00  0.153581E+00  0.160484E+03  0.143646E-02  0.883949E+00  0.112472E+00  0.175401E+03  0.711576E-01  0.210518E+00  0.713122E+00  0.105837E+03  0.118101E+04  0.113738E+04  0.595330E+03  0.507294E+03  0.668035E+03  0.114564E+03
  0.550000E+03  0.500000E+03 -0.390000E+03  0.520695E-03  0.493617E-03  0.626235E+00  0.310000E+00  0.236476E+01  0.121000E+03  0.000000E+00  0.000000E+00  0.981980E+02  0.860181E+00  0.125067E+03  0.526902E-01  0.165755E+03  0.977176E+00  0.284336E+03  0.727924E+02  0.707612E-01  0.731285E+00  0.156389E+00  0.161416E+03  0.142044E-02  0.881109E+00  0.115349E+00  0.175312E+03  0.724356E-01  0.215017E+00  0.707217E+00  0.105857E+03  0.118098E+04  0.113738E+04  0.593016E+03  0.507079E+03  0.668126E+03  0.120065E+03
  0.550000E+03  0.500000E+03 -0.390000E+03  0.539504E-03  0.504004E-03  0.623875E+00  0.310000E+00  0.232713E+01  0.121000E+03  0.000000E+00  0.000000E+00  0.998818E+02  0.884461E+00  0.124341E+03  0.289740E-01  0.166997E+03  0.976162E+00  0.283795E+03  0.732654E+02  0.715693E-01  0.734001E+00  0.152557E+00  0.161186E+03  0.138500E-02  0.881743E+00  0.114804E+00  0.175039E+03  0.700641E-01  0.212320E+00  0.712382E+00  0.105711E+03  0.118101E+04  0.113739E+04  0.589077E+03  0.506601E+03  0.668354E+03  0.114333E+03
  0.550000E+03  0.500000E+03 -0.390000E+03  0.467916E-03  0.408018E-03  0.615112E+00  0.310000E+00  0.235037E+01  0.121000E+03  0.000000E+00  0.000000E+00  0.102224E+03  0.881278E+00  0.123650E+03  0.335523E-01  0.164084E+03  0.978801E+00  0.286196E+03  0.735341E+02  0.717318E-01  0.734654E+00  0.151762E+00  0.160052E+03  0.143803E-02  0.885265E+00  0.111154E+00  0.175415E+03  0.702739E-01  0.208136E+00  0.716460E+00  0.105807E+03  0.118102E+04  0.113739E+04  0.595695E+03  0.507312E+03  0.668032E+03  0.111829E+03
  0.550000E+03  0.500000E+03 -0.390000E+03  0.154087E-04  0.113724E-04  0.608829E+00  0.310000E+00  0.233592E+01  0.121000E+03  0.000000E+00  0.000000E+00  0.104502E+03  0.898314E+00  0.122856E+03  0.176436E-01  0.163439E+03  0.979462E+00  0.287058E+03  0.740086E+02  0.724030E-01  0.737041E+00  0.148492E+00  0.159299E+03  0.144041E-02  0.887564E+00  0.108852E+00  0.175464E+03  0.687463E-01  0.203886E+00  0.722367E+00  0.105754E+03  0.118105E+04  0.113740E+04  0.596207E+03  0.507339E+03  0.668028E+03  0.107681E+03
  0.550000E+03  0.500000E+03 -0.390000E+03  0.140907E-04  0.102216E-04  0.609810E+00  0.310000E+00  0.235858E+01  0.121000E+03  0.000000E+00  0.000000E+00  0.103754E+03  0.882367E+00  0.123180E+03  0.333256E-01  0.162613E+03  0.980066E+00  0.287455E+03  0.737584E+02  0.719424E-01  0.735490E+00  0.150683E+00  0.159383E+03  0.146379E-02  0.887347E+00  0.109011E+00  0.175618E+03  0.700810E-01  0.205303E+00  0.719563E+00  0.105841E+03  0.118103E+04  0.113739E+04  0.598719E+03  0.507644E+03  0.667884E+03  0.110161E+03
  0.550000E+03  0.500000E+03 -0.390000E+03  0.261872E-03  0.232677E-03  0.619722E+00  0.310000E+00  0.233571E+01  0.121000E+03  0.000000E+00  0.000000E+00  0.101047E+03  0.884583E+00  0.123985E+03  0.295245E-01  0.165722E+03  0.977358E+00  0.284879E+03  0.734117E+02  0.716862E-01  0.734426E+00  0.152008E+00  0.160651E+03  0.140723E-02  0.883397E+00  0.113096E+00  0.175192E+03  0.700322E-01  0.210270E+00  0.714516E+00  0.105747E+03  0.118102E+04  0.113739E+04  0.591959E+03  0.506904E+03  0.668217E+03  0.112783E+03
  0.550000E+03  0.500000E+03 -0.390000E+03  0.405199E-03  0.357857E-03  0.616795E+00  0.310000E+00  0.230614E+01  0.121000E+03  0.000000E+00  0.000000E+00  0.102508E+03  0.903302E+00  0.123439E+03  0.114840E-01  0.166503E+03  0.976774E+00  0.284688E+03  0.738376E+02  0.724024E-01  0.736859E+00  0.148594E+00  0.160336E+03  0.138180E-02  0.884307E+00  0.112251E+00  0.175011E+03  0.680532E-01  0.207466E+00  0.719396E+00  0.105631E+03  0.118105E+04  0.113740E+04  0.589154E+03  0.506557E+03  0.668383E+03  0.108356E+03
  0.550000E+03  0.500000E+03 -0.390000E+03  0.350557E-03  0.320277E-03  0.622255E+00  0.310000E+00  0.230240E+01  0.121000E+03  0.000000E+00  0.000000E+00  0.100866E+03  0.898628E+00  0.123960E+03  0.152425E-01  0.167837E+03  0.975466E+00  0.283464E+03  0.735805E+02  0.721146E-01  0.735842E+00  0.149964E+00  0.161026E+03  0.136143E-02  0.882185E+00  0.114421E+00  0.174860E+03  0.684919E-01  0.210467E+00  0.715875E+00  0.105614E+03  0.118103E+04  0.113740E+04  0.586353E+03  0.506274E+03  0.668509E+03  0.110808E+03
  0.550000E+03  0.500000E+03 -0.390000E+03  0.533935E-03  0.507498E-03  0.625942E+00  0.310000E+00  0.229967E+01  0.121000E+03  0.000000E+00  0.000000E+00  0.997469E+02  0.895616E+00  0.124317E+03  0.176316E-01  0.168752E+03  0.974535E+00  0.282615E+03  0.734115E+02  0.719275E-01  0.735206E+00  0.150827E+00  0.161495E+03  0.134753E-02  0.880749E+00  0.115890E+00  0.174768E+03  0.687795E-01  0.212448E+00  0.713552E+00  0.105601E+03  0.118103E+04  0.113740E+04  0.584352E+03  0.506075E+03  0.668598E+03  0.112720E+03
  0.550000E+03  0.500000E+03 -0.390000E+03 -0.174837E-03 -0.168458E-03  0.621396E+00  0.310000E+00  0.226904E+01  0.121000E+03  0.000000E+00  0.000000E+00  0.101572E+03  0.910981E+00  0.123735E+03  0.331623E-02  0.169305E+03  0.974164E+00  0.282749E+03  0.739371E+02  0.727767E-01  0.738082E+00  0.146800E+00  0.160976E+03  0.132521E-02  0.882270E+00  0.114427E+00  0.174591E+03  0.665178E-01  0.208673E+00  0.719714E+00  0.105479E+03  0.118106E+04  0.113742E+04  0.581882E+03  0.505759E+03  0.668752E+03  0.107040E+03
  0.550000E+03  0.500000E+03 -0.390000E+03  0.488812E-03  0.479189E-03  0.630552E+00  0.310000E+00  0.226376E+01  0.121000E+03  0.000000E+00  0.000000E+00  0.988458E+02  0.904259E+00  0.124577E+03  0.848192E-02  0.171535E+03  0.971734E+00  0.280634E+03  0.735174E+02  0.722901E-01  0.736479E+00  0.149001E+00  0.162145E+03  0.129315E-02  0.878707E+00  0.118066E+00  0.174379E+03  0.672848E-01  0.213618E+00  0.713872E+00  0.105452E+03  0.118104E+04  0.113742E+04  0.576877E+03  0.505274E+03  0.668970E+03  0.111949E+03
  0.550000E+03  0.500000E+03 -0.390000E+03 -0.306330E-03 -0.313498E-03  0.629233E+00  0.310000E+00  0.229443E+01  0.121000E+03  0.000000E+00  0.000000E+00  0.987864E+02  0.894168E+00  0.124620E+03  0.185410E-01  0.169710E+03  0.973548E+00  0.281769E+03  0.732892E+02  0.718131E-01  0.734837E+00  0.151327E+00  0.161921E+03  0.133200E-02  0.879445E+00  0.117232E+00  0.174669E+03  0.688791E-01  0.214086E+00  0.711774E+00  0.105578E+03  0.118102E+04  0.113740E+04  0.582097E+03  0.505847E+03  0.668702E+03  0.114338E+03
  0.550000E+03  0.500000E+03 -0.390000E+03 -0.170505E-03 -0.184947E-03  0.634476E+00  0.310000E+00  0.223731E+01  0.121000E+03  0.000000E+00  0.000000E+00  0.979410E+02  0.907859E+00  0.124877E+03  0.446803E-02  0.173768E+03  0.969304E+00  0.279016E+03  0.735821E+02  0.725360E-01  0.737404E+00  0.147696E+00  0.162695E+03  0.125186E-02  0.876992E+00  0.119882E+00  0.174085E+03  0.662069E-01  0.214710E+00  0.713851E+00  0.105341E+03  0.118105E+04  0.113743E+04  0.570713E+03  0.504634E+03  0.669268E+03  0.111942E+03
  0.550000E+03  0.500000E+03 -0.390000E+03 -0.251218E-03 -0.266704E-03  0.632769E+00  0.310000E+00  0.225890E+01  0.121000E+03  0.000000E+00  0.000000E+00  0.982173E+02  0.903608E+00  0.124775E+03  0.878680E-02  0.172264E+03  0.970929E+00  0.280008E+03  0.734529E+02  0.722406E-01  0.736347E+00  0.149183E+00  0.162437E+03  0.128135E-02  0.877816E+00  0.118985E+00  0.174303E+03  0.672644E-01  0.214646E+00  0.712840E+00  0.105431E+03  0.118104E+04  0.113742E+04  0.575035E+03  0.505091E+03  0.669054E+03  0.113005E+03
  0.550000E+03  0.500000E+03 -0.390000E+03 -0.337595E-03 -0.295729E-03  0.609759E+00  0.310000E+00  0.227924E+01  0.121000E+03  0.000000E+00  0.000000E+00  0.104861E+03  0.916155E+00  0.122765E+03  0.451815E-04  0.166330E+03  0.977127E+00  0.285414E+03  0.744563E+02  0.733542E-01  0.740177E+00  0.144004E+00  0.159505E+03  0.137077E-02  0.886809E+00  0.109780E+00  0.174972E+03  0.657590E-01  0.202274E+00  0.727046E+00  0.105527E+03  0.118108E+04  0.113742E+04  0.588151E+03  0.506397E+03  0.668467E+03  0.103031E+03
  0.550000E+03  0.500000E+03 -0.390000E+03 -0.242544E-03 -0.262055E-03  0.634986E+00  0.310000E+00  0.227659E+01  0.121000E+03  0.000000E+00  0.000000E+00  0.972405E+02  0.895080E+00  0.125099E+03  0.167524E-01  0.171837E+03  0.971300E+00  0.280012E+03  0.731666E+02  0.717766E-01  0.734799E+00  0.151363E+00  0.162687E+03  0.129527E-02  0.877096E+00  0.119669E+00  0.174433E+03  0.685486E-01  0.216556E+00  0.709581E+00  0.105502E+03  0.118101E+04  0.113741E+04  0.576667E+03  0.505293E+03  0.668957E+03  0.116690E+03
  0.550000E+03  0.500000E+03 -0.390000E+03 -0.322821E-03 -0.357980E-03  0.637991E+00  0.310000E+00  0.227976E+01  0.121000E+03  0.000000E+00  0.000000E+00  0.961991E+02  0.890494E+00  0.125444E+03  0.207709E-01  0.172326E+03  0.970717E+00  0.279429E+03  0.729830E+02  0.715319E-01  0.734031E+00  0.152447E+00  0.163066E+03  0.129035E-02  0.875962E+00  0.120814E+00  0.174428E+03  0.690922E-01  0.218305E+00  0.707240E+00  0.105513E+03  0.118100E+04  0.113740E+04  0.575625E+03  0.505209E+03  0.668994E+03  0.119645E+03
  0.550000E+03  0.500000E+03 -0.390000E+03 -0.369315E-03 -0.432111E-03  0.643887E+00  0.310000E+00  0.229202E+01  0.121000E+03  0.000000E+00  0.000000E+00  0.939564E+02  0.878743E+00  0.126216E+03  0.313547E-01  0.172984E+03  0.969882E+00  0.278442E+03  0.725631E+02  0.709464E-01  0.732204E+00  0.155044E+00  0.163801E+03  0.128735E-02  0.873784E+00  0.122997E+00  0.174491E+03  0.705198E-01  0.221910E+00  0.702105E+00  0.105560E+03  0.118097E+04  0.113739E+04  0.574381E+03  0.505138E+03  0.669022E+03  0.127119E+03
  0.550000E+03  0.500000E+03 -0.390000E+03 -0.348209E-03 -0.405336E-03  0.642878E+00  0.310000E+00  0.226928E+01  0.121000E+03  0.000000E+00  0.000000E+00  0.947642E+02  0.889225E+00  0.125903E+03  0.212442E-01  0.173920E+03  0.968892E+00  0.278008E+03  0.728435E+02  0.714221E-01  0.733811E+00  0.152778E+00  0.163715E+03  0.126486E-02  0.873998E+00  0.122840E+00  0.174292E+03  0.690658E-01  0.220503E+00  0.705019E+00  0.105468E+03  0.118099E+04  0.113740E+04  0.571402E+03  0.504801E+03  0.669183E+03  0.123142E+03
  0.550000E+03  0.500000E+03 -0.390000E+03 -0.407686E-03 -0.454440E-03  0.638214E+00  0.310000E+00  0.225785E+01  0.121000E+03  0.000000E+00  0.000000E+00  0.964977E+02  0.898443E+00  0.125324E+03  0.129847E-01  0.173499E+03  0.969475E+00  0.278750E+03  0.731906E+02  0.719205E-01  0.735377E+00  0.150553E+00  0.163136E+03  0.126497E-02  0.875708E+00  0.121131E+00  0.174228E+03  0.678432E-01  0.217565E+00  0.709266E+00  0.105424E+03  0.118102E+04  0.113742E+04  0.572087E+03  0.504822E+03  0.669176E+03  0.117286E+03
  0.550000E+03  0.500000E+03 -0.390000E+03 -0.510299E-03 -0.573172E-03  0.639522E+00  0.310000E+00  0.228055E+01  0.121000E+03  0.000000E+00  0.000000E+00  0.956754E+02  0.888464E+00  0.125618E+03  0.225179E-01  0.172617E+03  0.970375E+00  0.279106E+03  0.728979E+02  0.714228E-01  0.733699E+00  0.152918E+00  0.163261E+03  0.128692E-02  0.875379E+00  0.121405E+00  0.174421E+03  0.693225E-01  0.219157E+00  0.706136E+00  0.105516E+03  0.118099E+04  0.113740E+04  0.574952E+03  0.505151E+03  0.669020E+03  0.121164E+03
  0.550000E+03  0.500000E+03 -0.390000E+03 -0.458568E-03 -0.526373E-03  0.642045E+00  0.310000E+00  0.229502E+01  0.121000E+03  0.000000E+00  0.000000E+00  0.945237E+02  0.879478E+00  0.126033E+03  0.309339E-01  0.172436E+03  0.970505E+00  0.278951E+03  0.726260E+02  0.710052E-01  0.732342E+00  0.154840E+00  0.163557E+03  0.129592E-02  0.874517E+00  0.122244E+00  0.174530E+03  0.704695E-01  0.221052E+00  0.703033E+00  0.105573E+03  0.118097E+04  0.113739E+04  0.575822E+03  0.505275E+03  0.668959E+03  0.125497E+03
  0.550000E+03  0.500000E+03 -0.390000E+03 -0.420325E-03 -0.498812E-03  0.645441E+00  0.310000E+00  0.229505E+01  0.121000E+03  0.000000E+00  0.000000E+00  0.933493E+02  0.875712E+00  0.126427E+03  0.340802E-01  0.173169E+03  0.969650E+00  0.278172E+03  0.724545E+02  0.707967E-01  0.731748E+00  0.155697E+00  0.163995E+03  0.128629E-02  0.873209E+00  0.123575E+00  0.174510E+03  0.708867E-01  0.222838E+00  0.700783E+00  0.105571E+03  0.118096E+04  0.113739E+04  0.573995E+03  0.505115E+03  0.669032E+03  0.129305E+03
  0.550000E+03  0.500000E+03 -0.390000E+03 -0.295490E-04 -0.394973E-04  0.650729E+00  0.310000E+00  0.222189E+01  0.121000E+03  0.000000E+00  0.000000E+00  0.929010E+02  0.896890E+00  0.126481E+03  0.126433E-01  0.178163E+03  0.963715E+00  0.274689E+03  0.729583E+02  0.718204E-01  0.735605E+00  0.150359E+00  0.164830E+03  0.119040E-02  0.870593E+00  0.126427E+00  0.173808E+03  0.671385E-01  0.222720E+00  0.704717E+00  0.105267E+03  0.118100E+04  0.113743E+04  0.558945E+03  0.503582E+03  0.669763E+03  0.126049E+03
  0.550000E+03  0.500000E+03 -0.390000E+03  0.189906E-03  0.247896E-03  0.654736E+00  0.310000E+00  0.219931E+01  0.121000E+03  0.000000E+00  0.000000E+00  0.918444E+02  0.899068E+00  0.126827E+03  0.100177E-01  0.180307E+03  0.960818E+00  0.272951E+03  0.730177E+02  0.719991E-01  0.736532E+00  0.149149E+00  0.165401E+03  0.115458E-02  0.868861E+00  0.128247E+00  0.173581E+03  0.661882E-01  0.223856E+00  0.704527E+00  0.105171E+03  0.118100E+04  0.113745E+04  0.552405E+03  0.502977E+03  0.670060E+03  0.127795E+03
  0.550000E+03  0.500000E+03 -0.390000E+03  0.191818E-03  0.243411E-03  0.651617E+00  0.310000E+00  0.219698E+01  0.121000E+03  0.000000E+00  0.000000E+00  0.929123E+02  0.902559E+00  0.126490E+03  0.715461E-02  0.179756E+03  0.961652E+00  0.273685E+03  0.731853E+02  0.722372E-01  0.737154E+00  0.148219E+00  0.164996E+03  0.116012E-02  0.870048E+00  0.127048E+00  0.173565E+03  0.657100E-01  0.222152E+00  0.706753E+00  0.105162E+03  0.118102E+04  0.113745E+04  0.553901E+03  0.503077E+03  0.670007E+03  0.123862E+03
  0.550000E+03  0.500000E+03 -0.390000E+03  0.227303E-03  0.281529E-03  0.648033E+00  0.310000E+00  0.215573E+01  0.121000E+03  0.000000E+00  0.000000E+00  0.942983E+02  0.910933E+00  0.126169E+03  0.162891E-03  0.181386E+03  0.959632E+00  0.273304E+03  0.737969E+02  0.732573E-01  0.740584E+00  0.143390E+00  0.164609E+03  0.112252E-02  0.871096E+00  0.126095E+00  0.173176E+03  0.627808E-01  0.218506E+00  0.713465E+00  0.104986E+03  0.118109E+04  0.113750E+04  0.548208E+03  0.502446E+03  0.670309E+03  0.114970E+03
  0.550000E+03  0.500000E+03 -0.390000E+03  0.241469E-03  0.324650E-03  0.658158E+00  0.310000E+00  0.219350E+01  0.121000E+03  0.000000E+00  0.000000E+00  0.907463E+02  0.897159E+00  0.127183E+03  0.113538E-01  0.181387E+03  0.959230E+00  0.271854E+03  0.729280E+02  0.718954E-01  0.736450E+00  0.149350E+00  0.165865E+03  0.113918E-02  0.867491E+00  0.129654E+00  0.173523E+03  0.661848E-01  0.225363E+00  0.702993E+00  0.105145E+03  0.118099E+04  0.113744E+04  0.549222E+03  0.502720E+03  0.670192E+03  0.130653E+03
  0.550000E+03  0.500000E+03 -0.390000E+03  0.348593E-03  0.467192E-03  0.657319E+00  0.310000E+00  0.220487E+01  0.121000E+03  0.000000E+00  0.000000E+00  0.908873E+02  0.894956E+00  0.127135E+03  0.135525E-01  0.180557E+03  0.960399E+00  0.272451E+03  0.728397E+02  0.717330E-01  0.735785E+00  0.150249E+00  0.165730E+03  0.115400E-02  0.867908E+00  0.129200E+00  0.173635E+03  0.668078E-01  0.225405E+00  0.702315E+00  0.105193E+03  0.118098E+04  0.113743E+04  0.551838E+03  0.502966E+03  0.670070E+03  0.131565E+03
  0.550000E+03  0.500000E+03 -0.390000E+03  0.317221E-03  0.414452E-03  0.653515E+00  0.310000E+00  0.216108E+01  0.121000E+03  0.000000E+00  0.000000E+00  0.925764E+02  0.907708E+00  0.126653E+03  0.224705E-02  0.182276E+03  0.958165E+00  0.272033E+03  0.734944E+02  0.728092E-01  0.739376E+00  0.145181E+00  0.165319E+03  0.111474E-02  0.869018E+00  0.128190E+00  0.173205E+03  0.636752E-01  0.221602E+00  0.709391E+00  0.105007E+03  0.118106E+04  0.113749E+04  0.545843E+03  0.502300E+03  0.670388E+03  0.121215E+03
  0.550000E+03  0.500000E+03 -0.390000E+03  0.325920E-03  0.421014E-03  0.653345E+00  0.310000E+00  0.221406E+01  0.121000E+03  0.000000E+00  0.000000E+00  0.921250E+02  0.896474E+00  0.126733E+03  0.126681E-01  0.179171E+03  0.962355E+00  0.273782E+03  0.729207E+02  0.718064E-01  0.735733E+00  0.150229E+00  0.165188E+03  0.117470E-02  0.869519E+00  0.127539E+00  0.173727E+03  0.669487E-01  0.223749E+00  0.703860E+00  0.105233E+03  0.118099E+04  0.113743E+04  0.555953E+03  0.503314E+03  0.669894E+03  0.128183E+03
  0.550000E+03  0.500000E+03 -0.390000E+03  0.310706E-03  0.408624E-03  0.654281E+00  0.310000E+00  0.215720E+01  0.121000E+03  0.000000E+00  0.000000E+00  0.923502E+02  0.907748E+00  0.126730E+03  0.213202E-02  0.182679E+03  0.957563E+00  0.271699E+03  0.735039E+02  0.728360E-01  0.739542E+00  0.144973E+00  0.165428E+03  0.110842E-02  0.868689E+00  0.128535E+00  0.173165E+03  0.635086E-01  0.221830E+00  0.709329E+00  0.104990E+03  0.118106E+04  0.113749E+04  0.544595E+03  0.502190E+03  0.670443E+03  0.121440E+03
  0.550000E+03  0.500000E+03 -0.390000E+03  0.307681E-03  0.409225E-03  0.655833E+00  0.310000E+00  0.215139E+01  0.121000E+03  0.000000E+00  0.000000E+00  0.918787E+02  0.907541E+00  0.126884E+03  0.215152E-02  0.183373E+03  0.956494E+00  0.271083E+03  0.735017E+02  0.728506E-01  0.739739E+00  0.144743E+00  0.165645E+03  0.109793E-02  0.868039E+00  0.129210E+00  0.173103E+03  0.632947E-01  0.222377E+00  0.708990E+00  0.104965E+03  0.118106E+04  0.113750E+04  0.542470E+03  0.502011E+03  0.670535E+03  0.122009E+03
  0.550000E+03  0.500000E+03 -0.390000E+03  0.315265E-03  0.404113E-03  0.650779E+00  0.310000E+00  0.213320E+01  0.121000E+03  0.000000E+00  0.000000E+00  0.934759E+02  0.911027E+00  0.126488E+03  0.821030E-05  0.183382E+03  0.956726E+00  0.271851E+03  0.739248E+02  0.735272E-01  0.741784E+00  0.141791E+00  0.165014E+03  0.108984E-02  0.869844E+00  0.127427E+00  0.172935E+03  0.616476E-01  0.218942E+00  0.714178E+00  0.104886E+03  0.118111E+04  0.113753E+04  0.541896E+03  0.501865E+03  0.670595E+03  0.114968E+03
  0.550000E+03  0.500000E+03 -0.390000E+03  0.320664E-03  0.378384E-03  0.642701E+00  0.310000E+00  0.214591E+01  0.121000E+03  0.000000E+00  0.000000E+00  0.958465E+02  0.911304E+00  0.125803E+03  0.979196E-03  0.180796E+03  0.960668E+00  0.274362E+03  0.741431E+02  0.737839E-01  0.742147E+00  0.141133E+00  0.163931E+03  0.112466E-02  0.873081E+00  0.124106E+00  0.173122E+03  0.616233E-01  0.215237E+00  0.717985E+00  0.104946E+03  0.118113E+04  0.113752E+04  0.549527E+03  0.502504E+03  0.670278E+03  0.108891E+03
  0.550000E+03  0.500000E+03 -0.390000E+03  0.283017E-03  0.378528E-03  0.657142E+00  0.310000E+00  0.214708E+01  0.121000E+03  0.000000E+00  0.000000E+00  0.914745E+02  0.907274E+00  0.127015E+03  0.224895E-02  0.183923E+03  0.955624E+00  0.270575E+03  0.734941E+02  0.728506E-01  0.739869E+00  0.144603E+00  0.165827E+03  0.108980E-02  0.867497E+00  0.129773E+00  0.173058E+03  0.631484E-01  0.222863E+00  0.708644E+00  0.104946E+03  0.118106E+04  0.113750E+04  0.540805E+03  0.501875E+03  0.670607E+03  0.122346E+03
  0.550000E+03  0.500000E+03 -0.390000E+03  0.157493E-03  0.205134E-03  0.654029E+00  0.310000E+00  0.210358E+01  0.121000E+03  0.000000E+00  0.000000E+00  0.924129E+02  0.910586E+00  0.126909E+03  0.510325E-03  0.186000E+03  0.952633E+00  0.269950E+03  0.741220E+02  0.739057E-01  0.743506E+00  0.139516E+00  0.165503E+03  0.104793E-02  0.868332E+00  0.129043E+00  0.172618E+03  0.600692E-01  0.219288E+00  0.715442E+00  0.104755E+03  0.118114E+04  0.113757E+04  0.533524E+03  0.501118E+03  0.670973E+03  0.113640E+03
  0.550000E+03  0.500000E+03 -0.390000E+03  0.378330E-03  0.470312E-03  0.647330E+00  0.310000E+00  0.212926E+01  0.121000E+03  0.000000E+00  0.000000E+00  0.944742E+02  0.911002E+00  0.126247E+03  0.770615E-03  0.182862E+03  0.957643E+00  0.272642E+03  0.741190E+02  0.738229E-01  0.742597E+00  0.140592E+00  0.164569E+03  0.109384E-02  0.871148E+00  0.126115E+00  0.172916E+03  0.610589E-01  0.216948E+00  0.716816E+00  0.104870E+03  0.118113E+04  0.113754E+04  0.543252E+03  0.501943E+03  0.670552E+03  0.111272E+03
  0.550000E+03  0.500000E+03 -0.390000E+03  0.277270E-03  0.317023E-03  0.639255E+00  0.310000E+00  0.212811E+01  0.121000E+03  0.000000E+00  0.000000E+00  0.966743E+02  0.906960E+00  0.125742E+03  0.633561E-02  0.181128E+03  0.960417E+00  0.274685E+03  0.744894E+02  0.743534E-01  0.744011E+00  0.138500E+00  0.163516E+03  0.111250E-02  0.874270E+00  0.122949E+00  0.172983E+03  0.601748E-01  0.212571E+00  0.722189E+00  0.104870E+03  0.118116E+04  0.113754E+04  0.547988E+03  0.502305E+03  0.670373E+03  0.104247E+03
  0.550000E+03  0.500000E+03 -0.390000E+03  0.207090E-03  0.274073E-03  0.655888E+00  0.310000E+00  0.213437E+01  0.121000E+03  0.000000E+00  0.000000E+00  0.919098E+02  0.909367E+00  0.126921E+03  0.661341E-03  0.184436E+03  0.954918E+00  0.270490E+03  0.736921E+02  0.731789E-01  0.740965E+00  0.143058E+00  0.165687E+03  0.107853E-02  0.867875E+00  0.129423E+00  0.172930E+03  0.622168E-01  0.221653E+00  0.710830E+00  0.104890E+03  0.118108E+04  0.113752E+04  0.538959E+03  0.501673E+03  0.670704E+03  0.119476E+03
  0.550000E+03  0.500000E+03 -0.390000E+03  0.229025E-03  0.277312E-03  0.644707E+00  0.310000E+00  0.211216E+01  0.121000E+03  0.000000E+00  0.000000E+00  0.950932E+02  0.908091E+00  0.126216E+03  0.456455E-02  0.183364E+03  0.957088E+00  0.272784E+03  0.744221E+02  0.743292E-01  0.744265E+00  0.138236E+00  0.164258E+03  0.108043E-02  0.872022E+00  0.125275E+00  0.172765E+03  0.597290E-01  0.214766E+00  0.720404E+00  0.104796E+03  0.118117E+04  0.113756E+04  0.541278E+03  0.501709E+03  0.670663E+03  0.107064E+03
  0.550000E+03  0.500000E+03 -0.390000E+03  0.286845E-03  0.317408E-03  0.636361E+00  0.310000E+00  0.214606E+01  0.121000E+03  0.000000E+00  0.000000E+00  0.975707E+02  0.908419E+00  0.125394E+03  0.502300E-02  0.179374E+03  0.962791E+00  0.275940E+03  0.744297E+02  0.741782E-01  0.743240E+00  0.139540E+00  0.163108E+03  0.114083E-02  0.875539E+00  0.121611E+00  0.173198E+03  0.609743E-01  0.211815E+00  0.722145E+00  0.104951E+03  0.118115E+04  0.113752E+04  0.553292E+03  0.502811E+03  0.670131E+03  0.103900E+03
  0.550000E+03  0.500000E+03 -0.390000E+03  0.186544E-03  0.225459E-03  0.644366E+00  0.310000E+00  0.209526E+01  0.121000E+03  0.000000E+00  0.000000E+00  0.950035E+02  0.904461E+00  0.126382E+03  0.867849E-02  0.184392E+03  0.955650E+00  0.272328E+03  0.746239E+02  0.746908E-01  0.745577E+00  0.136422E+00  0.164245E+03  0.106150E-02  0.872011E+00  0.125334E+00  0.172596E+03  0.586340E-01  0.213789E+00  0.722523E+00  0.104720E+03  0.118120E+04  0.113759E+04  0.537797E+03  0.501364E+03  0.670830E+03  0.104999E+03
  0.550000E+03  0.500000E+03 -0.390000E+03  0.251284E-03  0.266786E-03  0.630555E+00  0.310000E+00  0.207296E+01  0.121000E+03  0.000000E+00  0.000000E+00  0.977052E+02  0.866559E+00  0.126407E+03  0.497044E-01  0.182761E+03  0.958840E+00  0.275203E+03  0.754635E+02  0.760214E-01  0.749645E+00  0.130604E+00  0.162487E+03  0.106789E-02  0.877188E+00  0.120146E+00  0.172570E+03  0.559206E-01  0.205157E+00  0.734120E+00  0.104628E+03  0.118128E+04  0.113762E+04  0.541257E+03  0.501532E+03  0.670743E+03  0.935026E+02
  0.550000E+03  0.500000E+03 -0.390000E+03 -0.441723E-03 -0.456912E-03  0.625765E+00  0.310000E+00  0.204197E+01  0.121000E+03  0.000000E+00  0.000000E+00  0.976078E+02  0.828975E+00  0.127257E+03  0.890766E-01  0.183826E+03  0.957817E+00  0.275480E+03  0.759992E+02  0.769690E-01  0.752912E+00  0.126051E+00  0.161920E+03  0.104128E-02  0.878789E+00  0.118613E+00  0.172360E+03  0.535590E-01  0.200912E+00  0.740881E+00  0.104490E+03  0.118135E+04  0.113767E+04  0.536871E+03  0.501051E+03  0.670974E+03  0.885801E+02
  0.550000E+03  0.500000E+03 -0.390000E+03 -0.279622E-03 -0.279149E-03  0.621285E+00  0.310000E+00  0.201435E+01  0.121000E+03  0.000000E+00  0.000000E+00  0.971773E+02  0.789866E+00  0.128283E+03  0.129906E+00  0.184810E+03  0.956916E+00  0.275785E+03  0.764804E+02  0.778357E-01  0.755935E+00  0.121853E+00  0.161388E+03  0.101725E-02  0.880298E+00  0.117165E+00  0.172193E+03  0.514471E-01  0.196932E+00  0.747119E+00  0.104364E+03  0.118142E+04  0.113772E+04  0.532724E+03  0.500602E+03  0.671189E+03  0.846431E+02
  0.550000E+03  0.500000E+03 -0.390000E+03 -0.977173E-04 -0.116521E-03  0.638486E+00  0.310000E+00  0.204526E+01  0.121000E+03  0.000000E+00  0.000000E+00  0.954018E+02  0.875763E+00  0.127019E+03  0.399067E-01  0.186507E+03  0.952999E+00  0.272269E+03  0.754274E+02  0.760885E-01  0.750370E+00  0.129722E+00  0.163567E+03  0.101600E-02  0.873868E+00  0.123593E+00  0.172150E+03  0.549260E-01  0.208160E+00  0.732073E+00  0.104495E+03  0.118132E+04  0.113768E+04  0.529896E+03  0.500520E+03  0.671235E+03  0.956993E+02
  0.550000E+03  0.500000E+03 -0.390000E+03 -0.423973E-03 -0.440418E-03  0.626229E+00  0.310000E+00  0.204502E+01  0.121000E+03  0.000000E+00  0.000000E+00  0.976387E+02  0.832961E+00  0.127160E+03  0.849114E-01  0.183715E+03  0.957924E+00  0.275454E+03  0.759471E+02  0.768757E-01  0.752588E+00  0.126501E+00  0.161975E+03  0.104396E-02  0.878634E+00  0.118761E+00  0.172380E+03  0.537903E-01  0.201330E+00  0.740217E+00  0.104503E+03  0.118134E+04  0.113766E+04  0.537326E+03  0.501100E+03  0.670950E+03  0.890331E+02
  0.550000E+03  0.500000E+03 -0.390000E+03 -0.314299E-03 -0.335798E-03  0.628860E+00  0.310000E+00  0.204154E+01  0.121000E+03  0.000000E+00  0.000000E+00  0.970909E+02  0.841550E+00  0.127183E+03  0.759690E-01  0.184566E+03  0.956565E+00  0.274681E+03  0.758720E+02  0.767803E-01  0.752360E+00  0.126842E+00  0.162321E+03  0.103361E-02  0.877581E+00  0.119838E+00  0.172286E+03  0.538162E-01  0.202637E+00  0.738854E+00  0.104485E+03  0.118135E+04  0.113767E+04  0.534957E+03  0.500894E+03  0.671049E+03  0.899026E+02
